              precision    recall  f1-score   support

    128-APSK       1.00      0.13      0.23        38
     128-QAM       1.00      0.21      0.35        38
     16-APSK       0.97      0.76      0.85        38
     16-HQAM       0.59      0.95      0.73        39
      16-QAM       1.00      1.00      1.00        39
     256-QAM       1.00      1.00      1.00        38
     32-APSK       0.57      0.92      0.71        39
      32-QAM       0.54      1.00      0.70        39
       4-ASK       1.00      0.87      0.93        38
      4-HQAM       1.00      1.00      1.00        38
     64-APSK       0.53      0.44      0.48        39
     64-HQAM       0.56      0.58      0.57        38
      64-QAM       0.97      1.00      0.99        39
       8-ASK       0.93      0.97      0.95        38
        BPSK       1.00      1.00      1.00        38
        QPSK       1.00      0.95      0.97        39

    accuracy                           0.80       615
   macro avg       0.85      0.80      0.78       615
weighted avg       0.85      0.80      0.78       615
